837
498
127
994
268
872
151
176
939
704
507
353
505
984
263
478
800
948
603
825
470
656
581
549
774
734
758
307
722
630
640
609
576
970
217
780
291
401
62
753
563
26
16
995
510
911
546
97
550
975
68
934
671
855
447
152
747
680
219
433
539
328
294
201
508
676
98
502
27
500
799
12
780
107
23
945
687
442
197
953
387
656
91
528
473
368
333
641
551
730
69
959
444
98
427
774
696
64
462
181
355
457
14
11
824
483
843
660
547
192
146
759
689
498
555
703
282
471
905
269
320
74
708
64
184
131
657
309
158
739
977
21
598
107
17
713
874
876
575
327
799
85
470
344
362
777
908
622
691
919
239
553
897
381
418
612
560
66
513
211
720
335
47
444
392
553
745
866
239
78
727
145
32
293
450
697
857
816
150
40
389
359
866
781
787
854
875
74
672
613
493
760
782
529
912
955
645
198
731
871
157
846
507
44
316
558
101
665
479
790
988
444
883
682
307
618
699
591
755
501
517
487
653
911
55
39
804
451
371
846
192
434
639
842
807
355
345
610
370
699
280
177
462
761
787
415
949
641
504
696
24
694
864
842
478
33
262
195
807
140
95
709
661
28
906
631
633
90
722
480
327
192
431
43
514
534
624
613
840
156
565
158
400
640
652
165
85
499
588
263
668
270
710
510
174
480
881
330
921
922
63
425
917
50
744
423
381
429
289
918
476
45
896
173
459
515
757
564
293
432
97
797
561
435
796
281
863
737
289
815
985
364
259
180
125
264
694
606
242
268
531
339
411
894
186
543
563
861
917
391
724
864
673
177
132
875
620
220
286
590
959
29
386
56
683
260
607
252
371
171
309
211
800
505
665
540
716
719
188
672
315
598
75
628
418
640
227
349
48
660
69
819
303
307
156
738
840
223
863
420
531
782
153
629
106
430
442
51
406
247
360
312
532
695
937
495
574
933
65
681
799
447
494
162
883
639
853
322
36
582
851
288
744
998
936
448
713
944
143
746
909
874
6
817
152
109
717
981
157
586
502
659
912
648
687
608
519
423
764
988
618
540
711
28
446
21
289
922
186
759
505
325
769
855
460
585
951
16
540
44
791
703
372
183
934
348
2
564
731
337
876
485
128
49
506
437
196
438
761
377
